[gd_scene load_steps=5 format=3 uid="uid://ceiaxmch6u54b"]

[ext_resource type="Script" path="res://addons/cot_cutscene_editor/scripts/CutsceneDirector.cs" id="1_spjny"]
[ext_resource type="Script" path="res://addons/cot_cutscene_editor/scripts/CutsceneShot.cs" id="2_eh8e5"]
[ext_resource type="Script" path="res://addons/cot_cutscene_editor/scripts/CutsceneCamera.cs" id="3_gbpfc"]
[ext_resource type="PackedScene" uid="uid://bxgvvmc8u27mt" path="res://addons/cot_cutscene_editor/Actor_Template.tscn" id="4_n3h5i"]

[node name="Cutscene" type="Node3D" node_paths=PackedStringArray("playerCharacter")]
script = ExtResource("1_spjny")
screenPlayXMLFilePath = "res://Cutscenes/Dialogue Files/Example New Script 2.xml"
playerCharacter = NodePath("Cato Actor")
initialShotName = "Cato Wide Shot"

[node name="Shot List" type="Node3D" parent="."]
transform = Transform3D(1, 0, 0, 0, 1, 0, 0, 0, 1, 0.303432, 0, 0)

[node name="Cato Close Up" type="Camera3D" parent="Shot List"]
transform = Transform3D(1, 0, 0, 0, 1, 0, 0, 0, 1, -0.65, 2.438, 5.938)
fov = 60.0
script = ExtResource("2_eh8e5")

[node name="Cato Wide Shot" type="Camera3D" parent="Shot List"]
transform = Transform3D(1, 0, 0, 0, 0.994769, 0.10215, 0, -0.10215, 0.994769, -1.67314, 4.24357, 10.0779)
fov = 85.0
script = ExtResource("2_eh8e5")

[node name="Blocking Marks" type="Node3D" parent="."]

[node name="Cato Stand Two" type="Marker3D" parent="Blocking Marks"]
gizmo_extents = 0.5

[node name="Cutscene Camera" type="Camera3D" parent="."]
transform = Transform3D(1, 0, 0, 0, 0.907642, 0.419744, 0, -0.419744, 0.907642, 0, 4.83687, 10.4591)
current = true
script = ExtResource("3_gbpfc")

[node name="Cato Actor" parent="." instance=ExtResource("4_n3h5i")]

[node name="BeatTimer" type="Timer" parent="."]
one_shot = true

[node name="SpotLight3D" type="SpotLight3D" parent="."]
transform = Transform3D(1, 0, 0, 0, 0.735542, 0.67748, 0, -0.67748, 0.735542, -3.125, 8.0625, 8.3125)
light_energy = 7.0
shadow_enabled = true
spot_range = 24.25
spot_angle = 23.8331
